t8b1 0 3 16 62 199 213 222 355 410 428 514 560 576 695 741 765 869 927 977 996 
tjb1 0 44 104 131 145 215 224 260 337 424 458 542 566 707 768 769 828 858 873 993 
t6c 1 28 108 189 192 299 355 367 368 386 612 792 873 934 947 949 969 988 997 998 
t81 1 2 67 88 188 268 292 435 529 534 544 572 615 658 677 759 819 841 866 929 
t001 2 12 71 119 227 228 251 327 334 360 467 471 499 532 663 711 723 743 861 877 
td7 2 15 19 43 48 110 114 168 171 338 352 422 424 721 801 811 872 896 960 972 
t0c 3 26 44 89 95 128 136 168 288 315 395 446 474 490 650 673 852 889 924 966 
tqz1 3 36 47 138 147 217 229 254 263 497 516 536 576 667 682 744 814 831 909 929 
t351 3 34 65 88 90 265 313 365 402 428 589 628 646 660 679 802 816 821 835 921 
t2m1 4 7 17 67 76 99 125 127 217 244 314 367 550 553 570 614 625 880 929 951 
tld1 4 167 260 265 270 271 469 481 516 520 590 619 744 767 789 799 823 867 877 982 
tt 4 11 19 62 167 209 298 465 511 572 588 603 613 680 753 754 779 878 963 995 
t4t1 4 51 294 324 396 401 409 516 517 539 557 620 681 716 800 833 837 850 853 969 
t882 5 34 70 105 148 192 248 275 292 411 423 433 470 495 503 513 561 565 698 940 
tn3 5 73 396 403 458 468 502 537 634 652 658 780 801 808 820 860 866 955 956 965 
t7d1 5 80 105 171 173 198 247 255 267 416 434 596 655 671 695 700 776 794 941 964 
tr51 6 25 40 77 124 145 169 179 195 279 350 364 473 481 570 588 656 704 743 849 
t2x1 7 166 180 228 286 328 343 381 393 398 414 416 466 482 504 571 728 819 942 980 
tk6 7 8 19 106 227 286 388 406 408 440 446 500 518 564 616 647 794 825 894 926 
tc61 8 113 152 164 196 304 311 444 447 463 498 510 515 524 603 624 677 735 838 988 
t1 8 124 189 278 318 404 509 525 527 565 584 620 648 649 666 723 734 884 927 982 
tm9 8 28 97 120 127 156 174 286 339 422 452 456 511 512 544 704 861 889 973 993 
tdd1 8 100 178 231 295 327 338 406 470 543 610 614 622 666 765 795 840 889 970 986 
tz9 8 73 128 138 182 200 399 417 496 510 567 594 613 633 682 727 814 830 838 842 
tr5 8 62 126 140 368 452 477 481 559 600 620 638 664 718 724 725 726 853 887 896 
t76 8 47 57 77 105 213 249 306 480 604 663 675 705 713 797 852 870 885 915 961 
t471 9 22 102 221 246 300 337 436 453 484 509 573 619 754 781 802 962 969 973 985 
tzw 9 94 178 184 187 279 434 464 471 515 569 595 675 710 720 781 873 903 918 959 
t762 9 82 118 163 183 216 297 325 383 385 407 462 469 478 560 635 644 771 818 984 
tj82 9 153 215 239 262 273 287 371 383 392 417 457 679 708 759 797 803 819 868 886 
tr42 9 22 60 75 89 126 217 237 266 513 555 616 618 651 734 817 852 878 910 911 
t692 10 27 32 125 151 156 170 300 343 394 421 439 530 563 584 598 754 893 940 986 
th8 10 52 81 121 136 157 201 344 373 396 469 528 576 588 622 670 725 756 760 846 
ttb2 10 51 90 272 301 314 403 452 525 526 562 579 616 699 737 813 835 859 939 971 
tr02 10 28 65 95 157 163 204 454 638 645 706 824 837 838 846 883 896 921 939 987 
tnl 11 38 69 101 184 185 211 228 438 467 490 511 541 551 677 736 817 820 823 942 
t7n1 11 125 147 151 203 259 371 533 565 604 670 732 742 763 793 837 847 871 921 951 
th61 11 13 22 251 401 485 508 511 567 596 637 658 668 672 761 775 809 880 921 967 
t991 11 111 130 139 140 145 204 290 405 423 451 630 716 744 768 800 912 929 991 995 
t711 12 24 99 116 126 146 159 242 247 252 410 504 578 585 671 704 803 816 832 876 
tcl 12 20 65 80 83 111 131 138 162 206 230 336 381 414 438 479 531 761 774 848 
t0l1 12 102 165 240 268 299 345 420 422 435 438 575 594 631 677 802 817 867 895 934 
t6t 12 34 51 75 131 187 347 491 521 543 626 629 705 770 885 892 893 894 946 951 
t622 13 14 138 431 471 533 543 606 618 686 706 712 723 728 737 742 790 828 961 969 
tm7 13 31 91 152 165 179 206 238 264 563 597 606 738 808 832 844 866 905 920 975 
t86 13 37 76 92 116 145 250 259 260 489 514 548 617 649 684 767 911 926 965 978 
tt11 13 23 196 254 279 291 443 500 522 538 599 640 645 647 652 674 718 719 924 962 
thc1 14 59 74 112 115 143 298 368 388 475 502 529 557 568 581 715 754 807 839 926 
tdp1 15 38 96 137 141 151 162 302 367 438 482 587 648 662 698 702 852 866 888 973 
tg7 15 72 111 112 147 157 183 216 240 344 388 456 526 554 630 694 925 935 938 967 
t452 15 133 236 238 243 261 277 311 319 349 363 397 447 588 623 706 739 814 836 997 
tz21 15 98 193 221 252 287 313 323 347 364 492 557 573 644 855 923 934 944 956 994 
tvh 16 36 73 115 135 208 250 454 474 475 487 547 686 726 800 808 847 850 853 899 
tpd 17 79 81 178 189 279 316 413 450 463 566 615 663 701 727 751 801 905 982 991 
t13 18 24 44 99 147 187 217 280 339 415 429 481 550 636 753 788 860 888 936 995 
tr82 18 27 48 116 162 218 248 327 379 438 493 589 631 632 684 687 849 851 859 964 
thn 19 30 60 66 108 114 197 259 302 334 335 354 356 509 559 561 586 808 840 969 
thb1 19 177 182 263 298 391 392 407 443 446 477 485 579 596 670 705 803 835 847 912 
tv1 19 26 39 118 236 239 257 409 458 567 635 707 738 786 858 876 881 896 936 996 
tvr 20 35 149 209 275 349 414 487 528 645 652 675 777 812 850 856 890 899 966 983 
t3g 20 50 76 93 127 183 195 284 366 391 393 405 520 566 581 861 862 885 937 957 
tvs1 20 31 67 92 153 237 285 309 370 404 444 452 478 619 627 644 663 688 755 907 
tqc 20 82 111 201 348 439 466 480 494 551 570 702 764 803 814 889 896 923 936 951 
tv9 21 33 38 101 130 149 203 321 331 336 348 394 477 597 721 795 826 837 857 910 
tlz1 21 40 69 91 133 157 296 328 370 393 542 564 579 605 619 722 792 859 867 922 
tb02 22 49 123 150 241 327 345 350 370 458 482 678 803 806 838 897 913 930 936 952 
tdn1 22 40 47 66 91 129 169 171 181 217 291 316 478 518 621 730 736 797 889 950 
tz02 22 51 66 97 181 194 237 257 267 425 457 504 749 761 785 798 820 898 901 927 
tf2 23 28 109 222 251 347 451 480 514 567 577 590 596 604 663 664 882 894 907 960 
tk22 23 48 88 147 428 437 559 582 620 688 715 772 779 891 918 927 930 935 960 961 
t1s 23 46 98 99 136 140 169 455 458 567 643 663 674 714 779 789 839 873 909 996 
t74 23 108 159 161 188 200 271 370 391 408 492 622 712 784 796 850 898 908 932 950 
tzt1 23 54 112 130 139 147 369 437 445 536 567 598 767 774 802 841 941 953 960 962 
tq91 24 89 100 109 125 281 359 409 443 493 495 631 700 705 766 795 813 820 826 890 
tf42 25 93 99 243 277 332 361 387 396 416 555 561 602 624 650 670 680 762 778 856 
t2m 25 26 111 125 239 313 345 385 386 472 482 485 499 550 577 609 637 719 769 899 
t9d1 26 34 63 87 113 140 150 262 275 341 393 475 497 505 524 536 571 673 763 796 
tz91 26 34 41 49 272 314 361 425 433 605 633 635 643 710 744 770 799 910 969 993 
tjr1 26 83 90 154 249 275 329 345 529 582 599 659 704 829 878 880 930 956 970 972 
tgc 27 45 169 200 235 343 352 370 404 497 519 620 669 760 761 827 864 865 881 974 
tpr1 27 55 109 303 318 334 372 480 506 521 537 539 625 730 832 872 896 934 937 992 
tn12 27 32 51 81 148 243 244 450 499 513 553 591 619 627 723 724 817 892 895 947 
tx71 27 57 72 81 125 162 193 199 320 385 409 462 481 553 575 773 853 965 967 970 
thh1 27 91 127 198 219 278 299 394 415 450 470 696 741 744 764 918 922 955 994 995 
tdp 28 116 141 181 233 238 402 404 421 427 433 498 533 546 729 812 900 918 988 994 
t5w1 28 51 101 145 176 247 255 265 270 383 403 471 542 591 654 855 863 917 979 993 
tgb2 29 41 115 169 208 231 251 296 333 384 602 612 636 719 769 808 813 825 882 912 
th1 29 39 81 90 197 243 314 342 352 371 423 441 649 674 676 725 726 730 741 894 
txf1 29 50 103 118 141 156 159 172 294 375 442 500 610 623 646 769 790 800 842 985 
t221 30 73 93 99 129 226 272 309 325 364 401 595 637 644 743 796 829 867 878 957 
tpb2 30 67 137 269 270 410 454 528 627 670 723 729 735 746 822 843 897 912 984 992 
t3r1 30 99 285 325 339 352 363 373 389 409 415 461 467 474 690 753 797 861 915 946 
tkc1 31 49 63 67 95 120 151 178 285 386 482 760 816 823 839 844 852 872 936 948 
t412 32 44 114 202 227 252 405 435 600 623 695 728 841 845 847 911 932 963 973 981 
tbv 34 40 91 283 284 309 316 334 461 536 553 577 601 631 637 644 659 812 853 861 
tv32 34 66 197 202 241 266 329 391 414 438 457 494 556 581 585 600 627 908 959 980 
t7q1 34 93 153 175 188 236 307 344 424 466 483 511 716 797 808 824 843 851 956 991 
t3k 35 97 102 170 182 243 320 353 486 532 681 682 743 746 770 806 816 837 882 913 
t34 35 70 154 246 265 304 358 394 425 460 502 550 572 620 751 823 841 868 903 962 
tm81 35 84 198 280 290 460 496 549 583 588 645 646 654 686 766 784 831 874 884 975 
t242 36 109 150 275 330 409 481 549 654 679 729 770 789 836 865 916 922 945 982 984 
tjs1 38 54 70 179 218 275 294 339 378 499 548 575 586 667 695 705 733 735 810 864 
t2t 38 57 183 316 339 375 408 521 568 617 643 675 703 735 736 776 880 889 926 947 
t3c1 38 48 82 95 145 155 182 262 349 374 550 672 686 708 758 786 834 837 839 906 
tb5 38 89 199 211 261 269 428 446 490 502 534 566 628 630 635 738 753 924 929 996 
tdb2 38 77 114 131 185 259 297 305 423 509 557 654 666 707 744 806 808 841 937 982 
thp1 38 208 244 341 399 423 488 513 518 543 551 558 606 644 697 759 796 851 907 957 
tgt1 39 51 71 91 159 270 370 378 392 401 432 465 553 685 723 802 831 833 933 989 
tqq 41 46 88 211 254 275 354 401 580 589 598 601 622 718 736 850 905 915 931 995 
thc 42 104 123 276 300 393 413 451 670 721 731 745 762 773 804 827 829 916 977 992 
tkr1 43 51 68 136 166 169 173 181 253 296 312 331 336 454 512 634 659 899 917 977 
tzk1 43 59 122 157 204 228 248 415 450 459 490 508 538 542 580 633 715 785 800 855 
t4r 44 78 204 249 289 372 423 583 590 630 669 717 721 755 811 843 874 890 898 899 
tgp1 44 60 101 182 233 239 281 358 414 458 525 653 718 728 835 840 885 893 899 995 
t4x 44 51 105 153 162 164 176 226 234 269 287 344 363 384 643 735 768 780 960 979 
tqb2 45 59 61 81 105 128 227 234 364 375 405 469 470 478 490 631 731 825 949 956 
tfr1 46 71 84 158 283 296 311 326 461 513 608 624 660 667 746 838 886 904 941 977 
t8l 46 137 146 171 260 352 382 451 532 630 640 665 676 703 740 770 821 877 890 892 
tx41 46 134 151 179 194 310 372 383 462 467 553 595 608 622 712 834 883 903 908 963 
tzn 47 52 109 139 268 351 464 513 516 522 550 553 556 591 605 699 857 923 964 972 
td 47 49 55 128 342 353 360 362 425 573 648 676 684 702 758 792 828 986 988 995 
twz 48 164 214 259 321 375 424 494 504 595 681 757 758 759 845 874 875 906 935 952 
tpg1 48 55 143 160 213 339 451 468 487 597 622 641 739 740 779 847 864 867 947 978 
tlm 48 165 179 225 226 289 346 355 392 413 591 622 698 751 777 815 832 836 947 964 
tpc 49 70 150 189 201 202 248 337 440 468 562 574 617 717 719 724 747 807 992 999 
tpc1 50 93 155 156 173 189 193 257 309 346 378 406 451 536 714 724 745 773 776 824 
tgn 50 61 83 195 204 236 251 260 262 339 390 496 603 774 825 912 918 948 986 987 
trr 50 155 210 225 241 245 266 327 331 344 386 477 479 559 653 672 686 831 836 912 
tr1 50 120 165 216 234 350 367 399 401 455 495 545 638 657 662 706 779 913 937 995 
tvc1 51 94 142 202 273 347 414 493 551 558 562 588 636 661 846 857 890 936 939 998 
t19 53 70 188 241 320 343 378 409 432 469 497 570 594 612 670 695 712 721 765 997 
tjt 54 91 144 232 252 275 336 417 418 435 441 457 463 552 615 749 900 962 967 972 
t181 55 209 228 246 281 306 324 335 365 450 511 553 562 608 615 706 786 865 960 965 
t0j1 55 88 166 219 260 302 348 366 399 434 472 551 617 668 678 697 698 718 747 955 
t7p1 55 161 195 280 314 346 377 540 555 592 611 615 617 763 842 881 922 954 986 991 
t8t1 56 98 102 126 236 272 398 412 503 509 582 584 609 680 684 832 881 887 967 987 
tn4 59 149 200 216 262 305 392 400 407 476 613 661 716 727 728 735 805 824 917 961 
tnj 61 101 118 165 177 291 302 312 338 364 367 382 520 610 712 726 845 873 922 983 
tkf 63 133 171 189 254 300 302 345 372 373 410 485 505 529 559 595 759 810 815 921 
tl72 63 103 108 148 179 191 194 204 209 262 286 411 424 439 661 770 777 905 923 947 
t141 64 67 198 234 273 301 413 433 483 488 617 632 672 730 733 736 740 834 935 946 
t011 64 314 429 455 566 612 626 648 743 744 774 788 797 812 825 830 846 871 893 990 
tht1 65 87 139 155 223 272 275 321 467 533 561 653 702 728 815 915 925 928 943 987 
tnf 67 120 137 260 263 285 304 325 360 441 465 518 636 638 775 856 889 894 937 991 
tdg 68 85 126 155 193 277 301 327 369 459 478 488 664 728 736 896 916 920 975 994 
tbm 71 94 197 219 224 288 313 330 372 449 460 533 581 654 754 784 872 875 889 899 
t002 71 161 166 179 195 430 478 504 559 603 619 694 722 732 754 805 854 861 926 960 
th42 72 88 102 125 138 175 191 199 238 312 330 357 387 395 421 787 792 803 855 861 
t7d 73 146 155 230 231 330 341 348 471 611 616 741 743 755 758 800 931 932 971 977 
tpn1 74 96 109 154 269 290 367 411 415 457 483 510 588 675 760 868 921 973 993 997 
tj41 74 78 86 87 100 196 223 224 413 436 472 484 594 619 639 849 858 880 919 964 
t462 76 153 161 205 231 289 406 452 495 513 535 556 563 580 609 703 742 923 958 989 
trt 76 125 133 138 225 286 321 345 349 359 387 393 480 654 865 902 947 951 962 971 
t9k 80 89 92 134 143 153 179 212 225 229 327 341 526 556 613 688 715 768 808 993 
tn81 80 227 289 396 411 448 465 470 487 503 657 682 732 771 818 857 877 879 897 914 
t532 81 93 162 221 231 281 313 335 341 402 409 435 450 462 584 585 619 661 852 878 
t8l1 82 115 172 182 193 197 205 246 350 374 520 588 605 662 744 867 887 965 981 993 
t5f1 83 184 197 217 249 415 447 558 565 650 703 726 728 732 750 755 768 786 846 939 
t38 87 120 155 218 225 235 381 397 408 492 502 611 623 726 741 765 845 848 943 950 
t5v1 90 106 231 281 283 397 455 511 580 586 622 636 657 664 695 732 735 791 889 950 
tw11 91 145 177 200 247 273 330 560 571 623 658 667 691 771 787 830 835 837 930 933 
t0f1 92 121 148 174 201 215 219 245 280 289 375 410 476 566 578 657 681 785 848 853 
t55 101 103 129 186 199 276 294 299 388 422 427 517 525 554 785 901 907 908 946 950 
t4d2 102 210 245 339 364 399 406 451 461 473 474 481 508 539 545 590 680 742 771 803 
td62 103 205 251 286 386 388 399 432 475 516 615 664 722 794 807 827 945 971 978 984 
tcv1 103 197 213 286 292 485 544 621 656 664 678 693 703 747 795 814 836 873 936 987 
tb7 105 118 153 325 353 423 438 464 539 555 589 638 708 729 746 794 831 833 886 913 
tt82 108 130 201 304 341 382 463 552 553 572 577 604 679 689 693 724 727 849 863 887 
tfc2 110 139 198 293 372 479 489 550 615 617 641 650 761 793 802 910 938 988 992 998 
tq81 113 179 199 242 297 356 364 384 385 415 470 516 522 605 638 675 826 901 933 937 
t1w 117 160 216 324 351 365 468 482 560 576 643 711 740 769 809 814 862 921 936 945 
tt21 119 219 253 281 288 292 438 500 517 554 629 650 736 753 763 812 828 887 906 924 
t6z 124 139 189 196 198 230 306 307 416 436 497 572 596 606 619 653 703 818 928 973 
t511 129 240 290 386 416 453 496 512 548 619 702 712 750 799 825 843 875 888 894 966 
tbj 148 187 206 267 282 303 345 348 547 611 669 683 687 692 702 777 833 858 963 977 
t3w 151 173 196 227 254 284 307 342 432 492 499 532 630 710 791 834 880 908 922 993 
td41 160 161 178 216 300 393 432 468 484 503 557 573 699 710 805 894 903 937 956 977 
tsw 182 196 236 247 305 323 376 409 413 414 421 461 488 493 826 889 914 923 924 959 
t33 185 210 258 260 319 368 376 406 423 437 446 508 539 653 656 688 756 805 817 939 
tmf 209 215 277 339 344 379 389 423 519 522 620 634 720 756 760 816 821 836 857 980 
tmj1 227 243 311 408 473 490 534 569 671 695 711 761 768 787 805 833 895 928 944 988 
t861 231 259 315 332 367 392 398 416 432 458 481 506 517 651 665 709 725 751 935 975 
tqv 251 256 259 270 271 283 312 457 463 546 571 579 582 637 665 669 764 795 803 866 
t2 254 319 329 333 355 376 383 491 504 513 524 615 701 710 728 732 815 856 942 976 
tn51 297 376 404 407 487 494 530 550 590 652 706 733 737 772 836 873 881 896 915 979 
tpb 4 78 85 116 225 350 376 393 588 629 668 729 747 812 880 897 922 968 973 
t6r1 4 35 50 75 91 190 204 383 402 445 479 616 648 755 775 804 833 847 963 
t332 5 18 21 53 119 133 203 437 546 566 627 662 784 817 849 860 868 904 957 
t291 6 32 68 204 304 332 354 370 387 492 528 536 539 668 714 743 954 979 995 
twg1 7 80 117 119 132 150 176 203 334 356 429 506 546 594 614 705 793 919 949 
t561 8 21 64 159 272 308 358 381 466 482 641 664 730 860 866 894 951 952 968 
tcc 9 52 118 167 299 509 557 561 585 644 665 670 681 707 726 799 804 903 930 
tfj 10 14 45 117 206 229 329 347 376 421 464 504 522 534 725 794 801 876 907 
t0t1 11 45 65 146 168 216 298 320 333 338 478 517 580 581 597 609 751 795 855 
tf01 16 54 106 114 248 288 454 475 490 531 559 609 644 697 746 787 812 813 887 
t1v1 25 148 233 245 255 262 339 380 382 455 511 530 663 695 739 855 856 878 968 
t3q 26 122 137 141 187 336 344 401 474 550 628 661 671 701 789 862 968 982 994 
t361 27 115 180 223 256 261 283 303 313 344 401 472 593 725 732 750 840 924 969 
tzg 28 120 207 275 334 388 461 494 497 507 533 585 586 609 660 899 923 932 984 
tq01 32 121 150 160 165 168 220 224 373 385 454 469 483 540 610 769 791 824 839 
ttw1 36 49 69 96 200 274 286 304 327 368 388 394 426 581 643 692 739 858 885 
tjj1 37 127 183 312 403 422 525 544 655 661 821 860 891 894 921 930 954 972 998 
trk 41 98 106 152 220 495 507 600 605 624 745 757 771 793 815 858 960 964 967 
t3m 44 105 109 197 229 251 256 275 483 543 573 629 654 711 761 813 887 958 965 
thg1 45 169 209 215 420 454 576 612 623 683 697 720 763 788 811 886 957 974 990 
tvk 49 70 98 100 196 265 314 405 462 475 551 583 607 662 707 745 817 834 956 
t512 49 64 77 144 205 350 433 479 545 626 629 657 659 752 757 779 806 809 995 
t8h1 51 134 185 188 277 413 436 501 528 551 584 624 662 713 742 817 822 951 973 
tl6 53 95 107 113 175 265 271 330 394 447 448 494 516 553 562 567 596 717 840 
tfz1 61 125 144 149 196 228 241 271 374 377 410 425 655 677 802 808 835 879 943 
tg71 70 87 117 134 150 224 228 311 348 382 439 442 484 664 808 813 911 940 984 
t4x1 76 101 117 134 163 272 321 499 507 521 609 698 740 803 817 832 841 886 954 
tww 80 225 400 407 508 544 546 574 641 696 714 721 760 807 821 830 913 967 993 
t3p 87 111 124 129 211 258 304 418 482 494 583 683 688 697 716 765 774 899 933 
thr 89 94 190 200 262 288 296 300 369 383 486 545 632 690 778 878 879 945 987 
t4d1 92 108 128 266 270 371 401 441 442 447 514 718 735 765 775 817 840 906 929 
t161 102 236 263 320 338 409 412 413 436 482 584 631 685 757 844 847 883 913 915 
t881 109 153 182 202 239 272 290 394 442 474 498 561 647 770 782 795 820 864 997 
tz61 124 163 203 274 355 365 414 416 424 530 544 574 627 750 869 931 937 977 982 
tc21 134 165 230 233 264 358 364 376 455 497 509 515 545 550 681 733 861 879 941 
tz22 149 155 181 211 234 262 333 345 395 430 507 532 546 607 612 758 802 846 925 
tm42 169 183 211 287 355 392 431 455 508 549 574 575 622 712 744 805 815 891 982 
tdg1 19 56 87 189 228 281 320 328 336 391 443 466 470 593 661 755 796 867 
tq52 40 103 267 324 393 439 444 460 498 552 648 692 765 772 818 859 874 962 
th11 78 156 162 249 254 277 286 421 509 592 648 717 728 817 882 925 934 979 
ttb1 103 146 181 242 341 431 459 556 620 661 677 721 744 756 820 841 885 947 
t6d2 87 211 233 244 343 408 452 527 640 676 705 726 742 768 800 905 951 
tw52 0 51 62 127 274 377 400 459 576 594 
trn 1 4 28 90 95 195 432 501 530 872 
tc51 1 81 300 321 329 404 539 723 810 914 
tms 3 179 182 301 307 541 601 783 807 970 
tl3 3 188 387 389 412 425 440 698 916 974 
twd1 3 115 207 255 285 453 475 513 544 689 
tqp1 3 17 291 348 387 452 501 877 991 992 
t21 3 87 118 158 164 273 291 561 746 751 
t9q1 4 144 387 554 559 560 611 641 677 947 
tsj1 4 242 284 286 340 415 500 739 778 881 
tv81 4 52 146 314 335 378 460 470 494 823 
ttc1 5 235 249 347 467 779 792 840 857 931 
t771 5 132 133 276 311 610 652 797 815 939 
t3b1 5 35 52 121 159 273 383 861 939 954 
tbn1 5 28 97 218 241 302 353 391 507 583 
t9c1 6 59 234 241 535 668 673 678 912 963 
trx 6 114 148 369 390 410 554 706 888 943 
t5p1 7 145 175 281 499 524 745 768 777 994 
tdm1 7 129 174 327 386 447 462 513 866 949 
ttc 7 161 323 489 517 522 549 629 952 963 
tl51 8 27 209 471 474 492 518 619 862 994 
t3t 8 71 166 229 256 301 437 503 583 864 
t911 8 112 177 242 270 292 524 648 737 977 
t391 9 129 243 313 330 629 879 926 956 960 
tv8 10 165 196 214 267 321 381 538 940 955 
twn1 11 187 340 349 408 604 800 912 934 973 
t4q1 11 70 154 456 483 561 573 818 873 888 
tsr1 13 107 198 242 463 488 536 567 709 905 
tb62 13 59 113 287 288 454 604 606 847 881 
tg62 13 105 218 288 328 451 485 745 796 803 
t9z1 14 43 106 249 269 424 473 511 592 644 
tlb1 15 67 78 235 244 286 396 488 811 841 
tc5 15 299 386 455 524 525 603 747 756 920 
tr2 16 34 146 314 500 577 665 829 894 920 
tdz1 17 136 138 208 387 467 497 601 645 700 
t5r1 18 67 70 211 243 256 456 681 833 900 
tsv1 18 113 211 287 322 597 740 830 846 847 
t4w 19 139 283 332 508 523 557 674 799 831 
tvc2 20 34 39 175 285 444 582 587 762 953 
t0g1 20 127 273 424 519 720 725 729 787 874 
tsq1 22 56 76 225 305 625 724 737 775 827 
tq3 22 47 83 148 162 183 463 501 752 775 
ttm 23 95 108 154 216 298 370 707 745 947 
tp62 24 163 184 260 290 392 727 755 897 908 
txg 24 260 383 391 540 544 549 761 807 924 
tvf 25 119 220 238 319 390 529 602 770 792 
tvb1 25 326 429 500 529 687 745 757 791 958 
tj91 25 146 154 261 293 400 563 628 756 814 
tw 25 202 252 468 481 567 599 830 855 919 
tjc 26 251 261 386 513 591 607 686 837 905 
tx1 27 40 256 286 697 715 786 838 851 929 
t6r 28 176 302 505 602 614 627 723 849 872 
tk31 28 67 155 166 257 456 590 802 871 929 
tdn 29 86 243 295 329 347 552 676 915 953 
ts92 29 263 443 525 616 617 642 680 860 881 
t1q 30 61 82 147 206 240 565 751 765 854 
tlg1 30 36 137 371 402 405 408 535 897 937 
t4c2 31 92 94 250 265 297 408 483 799 967 
t4m1 31 114 264 427 437 663 799 870 885 989 
t6w 31 279 294 344 371 456 492 898 919 980 
t4g1 32 108 313 494 531 687 867 870 904 975 
t9s1 34 52 92 232 247 263 401 511 634 867 
t0b1 35 219 333 429 430 462 469 543 741 953 
tm02 35 218 241 315 358 365 509 557 570 951 
t6z1 37 143 208 241 254 336 444 763 852 895 
tc2 37 98 159 200 464 483 497 578 739 858 
t7w 38 203 208 415 466 469 588 645 818 856 
tsg 38 52 267 487 575 735 739 802 826 920 
trq1 39 135 323 373 497 524 571 614 856 858 
tqz 39 149 204 282 359 404 456 546 876 970 
td32 40 232 313 389 447 507 531 559 649 831 
tv7 40 169 203 216 263 307 347 628 689 893 
t6h 40 465 471 541 559 645 862 880 952 983 
t1g 41 137 349 389 470 613 659 717 752 816 
t88 42 133 284 411 491 564 581 669 758 974 
t7k1 44 328 481 498 671 735 789 795 802 831 
t1l1 44 63 153 155 196 410 689 721 804 872 
tls1 45 83 310 619 659 719 794 942 944 962 
t921 46 433 715 725 759 797 907 928 949 971 
tkt1 46 98 103 140 569 645 770 801 925 985 
t78 48 221 315 419 474 502 707 796 830 858 
tt9 48 105 134 160 467 688 775 812 982 991 
tbd1 50 106 149 202 358 365 543 620 904 995 
t1j1 51 114 241 329 594 629 712 830 845 972 
tf71 52 196 247 262 371 436 438 845 851 969 
tcf 52 100 300 419 469 528 651 827 847 919 
tjl 53 80 105 172 226 235 314 519 541 777 
tw81 57 109 293 532 543 555 579 629 632 820 
t0s 58 93 285 287 312 358 372 606 627 991 
tv02 60 137 585 705 735 777 786 795 818 866 
tf21 64 65 78 259 262 313 368 442 461 657 
trv 65 219 255 405 716 762 810 820 891 924 
tgj 70 127 162 171 287 366 372 723 749 907 
tqx 71 76 92 205 260 646 680 709 903 999 
thk1 72 154 178 192 454 513 622 642 795 984 
t651 72 118 149 281 388 532 667 844 969 981 
t6x 73 409 662 751 796 840 882 918 930 974 
tv 74 100 152 349 528 543 663 814 856 923 
tqh 74 91 153 344 368 392 463 687 737 832 
thv 75 142 327 328 359 394 615 620 671 945 
tqs 75 171 239 252 338 389 596 691 913 992 
tf12 76 105 145 261 305 394 620 665 835 884 
tz42 77 100 214 307 352 381 598 708 826 836 
t8w 78 213 238 286 332 404 409 442 778 964 
t63 80 198 254 277 360 361 470 770 778 885 
tfb1 80 193 214 538 544 570 582 832 875 960 
tx51 80 176 204 515 527 568 678 716 850 877 
tqf 81 133 154 217 364 375 402 677 701 931 
tx01 82 99 231 249 268 475 533 737 771 827 
t032 83 128 222 426 488 513 665 690 729 911 
tjw1 83 151 224 261 282 701 855 860 884 891 
tlr1 83 137 267 320 326 502 619 670 830 902 
tqv1 84 90 356 363 547 551 751 879 935 992 
tt4 85 142 231 350 387 430 469 507 822 975 
t232 85 302 414 472 473 495 500 692 765 906 
tm1 87 90 127 217 247 255 553 595 643 752 
t212 88 124 150 344 494 543 737 779 895 921 
t7v 89 224 305 356 413 481 484 583 857 933 
td82 90 189 274 415 501 682 697 774 828 932 
t381 91 147 174 212 226 238 624 695 697 932 
tl9 92 111 173 191 244 346 373 423 679 819 
t9h 93 107 158 195 258 348 351 491 694 898 
tt72 94 162 318 407 521 625 647 755 856 877 
tqk1 95 104 111 317 318 486 488 508 691 875 
tl31 95 143 187 301 459 589 612 712 764 821 
ttk1 96 155 267 428 457 612 617 624 668 758 
tm52 101 140 163 400 457 586 664 786 858 881 
tst 101 266 279 300 525 579 709 957 973 975 
tss1 102 272 285 301 320 669 684 804 865 943 
tj8 103 232 377 405 496 666 757 788 863 872 
t672 106 226 256 382 401 421 541 596 817 962 
thz 106 137 450 469 572 716 746 851 858 958 
tnm 107 173 207 212 461 497 637 818 851 888 
tf22 107 243 340 450 638 778 923 928 932 969 
t0h1 109 382 500 520 530 617 621 825 941 957 
t481 110 187 331 366 371 648 780 801 962 964 
t7j1 110 126 318 423 465 563 593 601 756 930 
t8n 113 255 368 526 604 627 713 731 867 959 
tsq 113 190 257 303 462 572 707 840 915 939 
t9j1 113 172 226 295 310 361 468 587 619 961 
ttd 113 157 186 242 352 430 494 585 757 777 
t8h 113 134 146 253 537 648 726 743 813 952 
t7c2 115 216 248 360 390 391 397 495 756 899 
tjx1 115 188 216 249 534 609 716 783 801 931 
tcw1 116 183 274 301 327 372 420 451 717 944 
tzm1 120 123 229 289 400 493 530 551 643 806 
t3x1 120 138 244 292 463 632 688 818 862 907 
t342 123 129 170 268 363 409 516 607 662 746 
t3j1 128 138 278 296 479 594 821 938 970 999 
tz82 130 150 202 361 372 453 653 723 869 911 
tzr 131 168 281 341 367 439 475 785 847 862 
tk82 142 214 706 709 814 858 888 889 991 992 
t0w1 142 250 501 584 632 655 752 894 933 996 
tc11 142 178 307 362 404 440 790 810 839 923 
tbv1 143 172 182 377 424 746 781 846 885 915 
td51 148 220 464 480 690 745 763 779 790 976 
tdv 149 229 232 317 337 576 641 645 760 773 
t3p1 153 352 372 449 584 726 760 761 798 998 
t64 156 434 459 492 526 569 597 645 650 845 
t311 156 290 300 415 475 652 864 869 997 998 
t802 157 207 242 411 441 594 679 927 930 958 
tt6 159 230 283 372 469 606 678 721 746 871 
ttz1 160 395 581 591 681 755 771 791 850 883 
tsp 162 293 458 472 529 749 804 872 884 900 
t8j 166 266 367 437 605 677 762 863 927 964 
tvb 172 219 222 480 485 599 660 745 857 995 
tzl 174 191 279 413 545 704 808 831 898 990 
tcn1 176 207 279 361 507 576 658 782 892 949 
trm 181 222 324 514 547 728 730 836 869 944 
tts1 199 205 289 461 607 662 756 766 899 990 
tp21 199 359 427 713 786 813 820 864 876 932 
t9c 201 360 369 473 572 616 624 791 819 953 
t131 203 302 328 408 454 457 571 572 688 886 
tc6 210 219 234 444 463 468 579 799 912 991 
tbz1 226 295 353 407 592 614 679 737 862 978 
t031 231 385 564 571 722 729 844 932 978 999 
t9x1 237 317 352 357 361 461 472 759 839 950 
t66 246 247 263 459 530 578 642 714 917 976 
tp41 255 356 471 575 584 641 684 924 970 992 
tn71 262 296 456 467 534 617 633 661 815 956 
t3q1 280 450 473 561 639 647 688 715 736 986 
tk61 381 465 541 555 568 681 855 890 942 982 
t621 433 521 526 614 709 748 775 892 906 939 
t4n1 468 499 502 616 689 723 796 834 957 964 
tft1 10 310 487 514 751 752 782 810 990 
tv61 12 36 88 263 340 479 559 683 952 
t82 15 159 236 289 297 329 369 562 613 
t572 18 96 295 360 384 411 412 473 785 
t691 24 84 85 90 92 113 422 660 800 
t39 118 166 262 327 342 522 656 805 924 
tmn 129 181 287 326 348 450 862 879 996 
tq21 188 582 613 704 719 771 777 812 916 
trc1 237 380 444 469 522 628 711 809 984 
tft 243 273 318 417 444 708 795 835 978 
tmz1 0 118 661 
tg6 0 108 807 
tzb1 1 298 638 
tgr 1 83 926 
tg11 2 145 279 
t822 5 434 814 
t071 5 455 948 
tfg1 5 236 877 
tlb 6 118 835 
t14 6 799 837 
tjp 7 186 963 
t3x 9 402 471 
thd 10 449 779 
tw6 10 174 994 
ttx1 11 422 794 
tp72 11 188 832 
t3d1 12 331 342 
t721 12 118 863 
twc2 12 540 739 
t3b 12 242 471 
t0n1 13 433 504 
t4t 13 714 796 
t1n1 14 476 975 
t9n1 15 339 501 
tl21 18 304 747 
tf7 18 547 746 
t271 18 37 412 
t1c 19 23 31 
tnb2 19 72 126 
t8q 20 132 651 
t112 20 255 582 
trh1 20 187 618 
tgb1 21 435 907 
thr1 22 555 944 
t402 22 23 873 
tp82 22 685 695 
t952 23 616 944 
ttj 24 761 765 
tx7 24 125 644 
t661 25 66 526 
tnl1 27 219 270 
tbb1 27 468 753 
tf9 27 168 381 
t4v1 28 714 950 
tkg1 28 429 604 
tx2 28 227 763 
tbb2 29 446 890 
tr21 29 30 982 
t7j 30 725 918 
tbs 30 184 672 
tsb2 31 608 620 
tl42 32 138 582 
tw22 33 361 636 
tnr 34 696 954 
t35 35 641 895 
tck 36 219 562 
tq32 37 693 979 
tdr 38 714 886 
tq31 41 433 890 
tr92 41 77 321 
t531 41 72 239 
tp7 42 479 991 
tj9 42 223 753 
trs1 43 461 682 
t091 46 249 330 
trx1 47 787 990 
tb9 48 171 526 
tmd 48 247 595 
tkv1 49 143 156 
t682 50 447 811 
t31 50 181 254 
tl2 50 109 360 
tbc1 52 320 472 
tp12 56 821 893 
tvn1 57 278 579 
tb11 57 628 694 
tq62 58 716 909 
tcl1 58 264 385 
t241 60 849 861 
tx4 61 256 329 
tqb 62 87 981 
tp32 62 86 153 
t4f 63 428 853 
twj1 64 411 995 
tsv 67 331 508 
ttt 68 830 894 
t65 69 430 814 
tt12 72 810 813 
tnv 73 723 931 
tpx 73 653 896 
t3n 77 813 983 
tmc 78 641 701 
th82 78 204 699 
tsl 78 371 470 
t912 79 154 252 
t12 79 88 754 
tsw1 81 225 772 
tsm 83 367 860 
ttf1 84 194 467 
tj4 86 368 415 
tx52 87 91 521 
tnp1 88 472 919 
t971 88 301 914 
tjn1 89 531 803 
tsh1 89 300 576 
t0g 91 606 877 
tnt 91 300 888 
tvl1 92 671 734 
t58 93 615 777 
t541 94 369 547 
tb01 94 367 791 
t5j 94 638 836 
tn91 94 710 861 
th5 98 347 446 
t491 98 335 860 
t09 98 413 553 
twb2 99 550 731 
tx12 101 355 793 
tzq 101 583 684 
t851 101 277 423 
t41 105 214 392 
th52 106 265 721 
twp1 108 615 732 
t6n1 108 531 976 
tfk1 109 715 825 
t021 110 502 623 
t9w1 111 329 684 
ttn 112 132 287 
tl 113 139 495 
ttr 114 286 599 
txm 115 591 832 
tmt1 116 278 472 
t931 117 567 812 
t2c1 118 428 955 
t6k1 120 396 692 
tpp1 121 454 866 
tpz 122 804 942 
t602 124 151 682 
tx 125 186 789 
tdq1 125 338 426 
tvq1 127 144 237 
t0b 127 253 408 
tzb 127 197 721 
t2c 128 267 994 
t2n 129 711 757 
tst1 130 465 902 
t11 130 514 708 
t4g 130 168 896 
tkq 131 732 928 
tx82 131 170 835 
tgz 133 359 410 
tct 134 529 925 
tp6 136 215 951 
t192 137 247 353 
tv21 139 514 593 
t2r1 140 308 618 
t062 143 450 571 
txz 145 154 321 
tlc1 146 355 501 
tmr1 149 167 609 
t59 150 407 862 
tgj1 151 265 606 
t302 151 558 803 
tn22 154 671 701 
tcn 154 693 917 
t3h 154 163 719 
tq12 155 649 655 
tz5 157 630 846 
t4c1 157 316 475 
thq 157 537 882 
t051 157 486 546 
txb 158 386 795 
tjq1 164 383 626 
tb12 166 305 942 
t792 167 326 891 
t6d 167 790 960 
t431 167 169 208 
tsb1 167 559 689 
t082 168 802 828 
t951 169 774 838 
thj1 169 380 687 
tk51 169 756 822 
tl71 170 266 708 
t7p 171 272 609 
trz1 172 918 954 
t6j1 172 453 799 
tks1 173 771 900 
tgn1 177 307 792 
td4 177 549 985 
tvv1 179 445 813 
twz1 180 485 534 
tb41 180 793 942 
tcj 180 460 981 
tbf1 181 254 540 
t8x1 183 381 876 
ts5 184 606 993 
tlk 185 366 670 
t6k 186 485 942 
tgb 187 377 781 
tq92 187 241 476 
tmz 189 373 557 
t942 191 455 543 
tc81 191 491 837 
tp5 195 310 539 
t5c 195 519 524 
t6h1 195 685 956 
tj3 197 708 876 
t5j1 197 328 950 
tq02 200 307 625 
t0k 200 583 588 
tt8 202 787 965 
tkf1 202 248 337 
t3l 202 535 728 
tlj 204 459 924 
t5g1 206 426 837 
t2d 208 436 852 
ts2 210 250 332 
tp3 211 459 925 
t2g1 212 472 940 
t8m 212 315 581 
t6f 213 546 644 
tx72 215 486 792 
tw51 216 219 343 
tsb 217 661 868 
td92 217 462 864 
t252 219 329 685 
t4h1 219 278 758 
tfq1 220 355 551 
t791 221 464 480 
ts22 223 386 988 
trt1 227 537 738 
t3c 227 257 693 
tkj 228 769 900 
tfc1 228 389 448 
t292 231 307 667 
t6q1 232 400 593 
tb21 233 518 927 
tbq1 233 903 947 
tnh 238 282 936 
tcq 240 371 825 
t5g 240 389 390 
t5c2 242 586 767 
ttl 242 527 679 
t4b1 244 739 798 
t072 246 705 716 
t2p 247 302 413 
ts51 250 274 964 
t1p1 252 422 753 
tpc2 256 686 913 
t8 260 307 865 
tzn1 260 891 958 
tc72 262 573 950 
tm3 263 369 566 
tqk 263 317 635 
ts31 263 284 799 
txj1 263 888 890 
txq 263 271 870 
t5s 269 411 863 
t5v 271 542 844 
t8c2 273 518 581 
td22 274 309 879 
tjj 275 290 823 
th01 276 365 961 
t7h 277 417 969 
t0l 278 505 953 
tq7 281 349 769 
t5s1 284 597 848 
ts6 284 614 621 
tvz 284 470 935 
tjr 285 626 761 
tvm1 287 846 938 
tg12 289 304 713 
ttg1 289 319 926 
tkp 292 648 946 
tsz 293 310 875 
tf91 294 881 922 
tkb2 296 329 479 
ttc2 301 375 378 
t042 301 443 836 
t9c2 303 379 943 
tmg 303 339 776 
tl01 304 443 836 
t211 305 490 686 
t9p 306 703 713 
tp9 307 721 853 
t9w 308 385 498 
tjz 309 436 441 
tnd1 311 316 528 
t321 313 402 522 
t0r1 313 452 819 
tb32 314 490 595 
tb1 320 633 841 
t4s1 321 435 890 
tbc2 322 861 961 
tjt1 323 555 743 
t392 332 689 702 
tqj1 335 524 860 
t9d 336 697 996 
tzx 336 368 509 
tv22 337 436 560 
tw21 339 564 773 
t312 340 706 859 
tbh 341 648 890 
ts01 341 578 949 
tgk1 342 422 438 
t3v1 349 479 502 
tz62 350 660 783 
tnz1 351 357 532 
tt42 352 504 585 
tt22 353 621 674 
t7l1 354 480 983 
tg72 358 607 838 
t501 360 566 763 
t5q1 362 364 733 
t1r 364 457 541 
tt92 365 658 686 
t93 367 594 932 
tm51 370 521 546 
ttz 371 521 718 
t6 374 521 806 
t0m 376 783 828 
tn31 376 670 912 
t8t 376 429 846 
tnx 379 679 854 
t2q 380 797 903 
twf 381 390 981 
t4r1 382 510 844 
tmm1 384 535 991 
tlb2 387 518 674 
ts4 388 567 670 
t832 389 700 703 
tdc2 391 744 924 
tk52 392 662 664 
tlw1 394 610 617 
t69 396 845 986 
tz4 398 429 573 
tbw 400 522 748 
td81 401 722 731 
tr81 402 447 765 
tll1 404 957 978 
t041 406 867 886 
tf41 408 526 734 
t162 411 779 963 
tms1 413 517 864 
t171 416 740 968 
tsx 416 767 814 
tmp 416 583 727 
tlw 417 739 920 
t4 418 721 953 
txk1 420 442 844 
tls 420 941 958 
tbw1 421 444 555 
t8f 429 671 776 
tg52 429 550 714 
tvx1 434 799 856 
txd1 435 456 965 
tkx1 437 889 966 
tb8 439 539 792 
tns 440 524 756 
tgc2 440 719 802 
tnq1 443 606 729 
tmt 444 869 887 
tvz1 451 467 510 
t5k 458 641 901 
t1n 462 847 937 
tkx 463 480 852 
tv52 474 640 950 
t7b2 478 802 833 
t012 478 565 955 
t5 479 674 824 
tf02 481 665 988 
t4z1 484 855 880 
tt71 488 497 838 
ts91 488 660 872 
tgx 489 507 990 
tqw1 495 497 855 
tc8 500 688 882 
tqr1 503 546 601 
tkl 503 790 847 
trw 503 666 954 
tfb 504 522 726 
tph 507 846 977 
t852 508 853 900 
t9p1 510 805 834 
tnx1 517 523 543 
t2s1 528 557 590 
tlf1 530 789 887 
tq51 537 637 863 
tf81 538 642 863 
tbx1 539 625 986 
t2w 545 795 870 
tjm1 546 625 783 
tt32 546 656 894 
trz 547 870 970 
t9t1 547 704 837 
tn61 550 599 913 
t28 552 625 801 
t102 554 558 987 
tpq1 555 574 775 
tm32 556 733 839 
t5m1 557 794 906 
tqc2 563 614 932 
tj1 572 868 903 
tb91 588 610 989 
tw8 590 740 770 
t7g1 598 908 939 
tqh1 601 711 871 
thc2 610 668 745 
twv1 612 779 801 
tkj1 614 654 910 
t701 618 733 870 
trg1 620 953 996 
tgg 639 676 920 
tpx1 639 706 744 
ttb 645 788 909 
twp 645 906 984 
t7x 650 667 970 
ttp 650 698 700 
t49 653 865 885 
tw62 654 781 929 
tc82 657 844 878 
th91 687 927 981 
tcj1 713 764 855 
tj 736 797 939 
t6m1 738 972 993 
t7v1 739 851 935 
tvl 753 943 988 
t7g 757 824 884 
tz81 767 863 867 
td71 785 934 984 
tpp 792 794 866 
t751 799 911 953 
tnc2 804 877 913 
ttg 899 915 954 
t3b2 919 920 997 
t17 0 719 
t1l 0 217 
twt1 1 144 
t4q 2 999 
t892 4 638 
tz41 4 871 
tpz1 6 982 
t9s 6 661 
ts12 9 60 
td42 9 434 
ts3 10 280 
t582 10 295 
tkn 11 594 
tt51 12 389 
ttx 13 468 
t6d1 15 261 
tjq 15 347 
td91 15 201 
tcx 17 580 
tcb2 18 801 
tqb1 19 61 
tfl1 21 573 
tgw1 21 172 
tb4 22 297 
t0d2 23 195 
t9x 26 982 
tc41 27 433 
t8f1 29 89 
t73 31 748 
t0j 31 703 
t7q 31 774 
tt01 31 992 
t542 31 508 
tg 32 127 
t5b 32 383 
t261 36 181 
ts7 37 235 
tfx 40 123 
tqq1 41 170 
t422 41 201 
t2f 42 673 
t6f1 44 755 
t5l 44 73 
tzc2 45 243 
tvd1 47 419 
t29 47 123 
txw 49 880 
tx6 49 830 
tz8 51 897 
t25 52 943 
tx92 53 740 
tq11 54 801 
tvp 55 727 
tb92 55 421 
tsp1 58 523 
t84 58 712 
ts21 58 289 
th81 60 197 
tm2 60 277 
t2n1 61 438 
tfk 61 943 
txh 62 535 
tn92 63 829 
tp2 65 845 
tzj 65 305 
tf6 66 369 
tjf1 67 477 
tk 69 446 
t9j 69 820 
tq8 72 434 
ths1 74 242 
t0k1 75 834 
tg32 75 827 
tr41 78 357 
tmj 78 474 
t1z1 78 508 
th6 80 725 
tb22 81 251 
t191 83 231 
trh 83 120 
tlr 87 232 
tpt1 88 784 
t1v 90 525 
ts02 90 913 
tz12 92 612 
ttp1 94 543 
t371 96 758 
tvj 96 829 
t7r1 97 613 
t982 99 160 
tqp 104 562 
tgq1 107 913 
tkb1 108 147 
tbt 114 222 
tfj1 114 689 
t8g1 115 155 
t5b1 115 623 
t0c1 116 689 
t1b2 118 534 
txc 119 407 
tjb 119 875 
td2 121 395 
tdc1 123 521 
tvj1 123 734 
t5q 123 468 
tbg1 124 810 
t8p 125 651 
t0p1 126 299 
t6l 129 757 
txp 130 451 
tsk1 133 366 
tcq1 135 944 
tl81 136 639 
ts61 137 386 
twb1 138 701 
tk9 139 169 
tfw 140 944 
tzh 142 754 
t1x 144 910 
tcv 144 813 
txm1 145 362 
tmv 147 761 
t871 147 480 
tjb2 148 989 
t9n 148 281 
t0z 149 853 
t7s1 152 187 
tsd1 156 885 
t1j 156 891 
th02 158 969 
t8b 158 541 
tzq1 159 193 
tbm1 160 636 
tm5 165 488 
t8c1 166 296 
tmh 167 258 
tdk 167 998 
tlv1 173 199 
tm41 174 240 
t2b1 177 878 
ttd1 177 512 
t4l1 178 547 
tvb2 178 994 
tzp1 179 890 
tpq 179 266 
tnn1 181 873 
tnw 181 240 
tlz 182 905 
t92 183 732 
t6v1 183 214 
tbd 185 617 
tsk 186 567 
t07 194 548 
tfc 195 762 
tk92 196 944 
tqt 197 299 
tn41 198 868 
tdz 200 745 
tm 200 314 
t0c2 201 840 
t1w1 201 357 
t8x 201 964 
tn82 204 942 
t83 204 714 
trl1 208 427 
t3w1 211 938 
t981 212 571 
tt52 212 624 
t1m1 213 438 
tt31 217 766 
t47 217 521 
tp91 217 435 
tvd 218 402 
twv 218 504 
t902 222 988 
tdc 222 348 
ths 223 766 
tsc2 226 294 
tzx1 228 708 
tz72 229 304 
th7 230 729 
t1k1 232 631 
t6b2 232 519 
tg2 233 545 
t862 236 351 
ts62 238 775 
tp31 241 965 
tfd1 241 972 
t2g 242 408 
tb51 244 614 
t68 245 908 
txx1 249 525 
thw1 249 449 
t7b1 252 543 
tfv 253 640 
tm4 254 318 
tv91 258 472 
tk7 261 472 
trp 264 276 
tr22 269 445 
ttf 270 723 
t6m 270 300 
tl4 271 393 
tnr1 273 551 
t3g1 277 864 
tsf1 278 357 
tx61 278 950 
t6g1 280 518 
t1h 282 737 
t782 285 486 
t612 285 353 
tcb 288 506 
tr61 288 707 
tt61 289 524 
t222 289 547 
tdr1 290 873 
ts42 291 489 
tpt 292 492 
t202 292 792 
tj12 294 909 
tk71 294 574 
t6c2 294 691 
tg42 296 954 
td02 297 509 
t901 298 967 
t641 302 593 
tn 304 445 
tk91 305 963 
tfb2 308 511 
tz1 309 842 
t2z1 309 976 
t9q 312 647 
tv92 315 410 
tv4 315 776 
thf 319 978 
th62 320 797 
tn6 320 506 
tlh 322 498 
t43 326 887 
thf1 329 912 
t812 331 669 
tq5 336 743 
tqg1 340 392 
tdl1 341 376 
tsx1 346 948 
t1d1 348 948 
tzm 349 402 
tq42 354 686 
twj 354 386 
t5r 355 379 
thl1 359 976 
t42 359 998 
t322 360 672 
thv1 360 508 
tnq 362 988 
t9t 365 383 
th41 365 977 
tgk 366 857 
t5p 368 616 
t992 370 549 
t6n 373 585 
ttt1 373 920 
t492 374 419 
trp1 375 470 
tpj1 378 679 
th71 379 404 
t6g 380 943 
t4l 380 482 
t54 381 848 
tss 381 621 
thh 384 997 
tcz1 384 662 
t482 387 704 
t441 387 430 
tz01 390 576 
t592 396 880 
tkh1 400 925 
tmg1 402 703 
tlg 405 438 
t48 407 524 
twc 410 716 
tjh 411 615 
tkg 412 549 
tws1 414 731 
t591 414 416 
tvp1 415 568 
tc42 416 779 
tx11 416 888 
tmw 418 534 
t801 419 428 
tbp1 424 870 
tlh1 424 728 
tp8 425 576 
t75 426 754 
tl8 426 953 
tmx 430 666 
t4p1 431 732 
t8k 431 837 
t0p 433 555 
tj7 433 605 
ttl1 437 555 
tdj 437 952 
tzb2 439 768 
t562 440 653 
th31 443 744 
tbh1 444 861 
tgd 447 489 
trd1 448 533 
t382 449 683 
tgl 451 983 
t891 452 826 
tlm1 452 833 
tqd 453 836 
t961 454 521 
tds1 455 761 
t5h1 456 703 
t2v 469 643 
tr32 472 725 
txh1 476 570 
tx91 479 954 
txx 480 610 
tc3 480 751 
tm62 481 985 
tm11 483 796 
t272 484 562 
tbs1 485 574 
td21 488 942 
t9g1 488 777 
tf61 488 544 
tmx1 490 827 
tfd 491 771 
t2r 497 786 
tq22 503 728 
trj 509 775 
tx3 511 704 
td9 511 675 
tr9 515 765 
tpw 517 969 
t4k 518 815 
tr 518 563 
tcw 519 822 
tf52 522 764 
t0x 532 723 
t2v1 533 674 
t2k 537 986 
tql1 537 661 
tqx1 537 864 
tg3 537 541 
t91 539 874 
tm91 539 757 
tnv1 541 651 
tmd1 546 557 
tds 549 638 
tn7 557 988 
tgr1 557 610 
t1q1 567 993 
t151 571 684 
trg 572 675 
t0d1 573 771 
t0m1 576 960 
tw32 579 956 
t8d1 580 882 
tkm1 581 705 
t601 581 963 
tfx1 588 832 
tl61 591 711 
tf11 592 926 
tz6 596 673 
tqt1 599 870 
t2b 599 789 
tz31 604 782 
tzf 608 704 
tpn 611 929 
t2d2 618 756 
tgg1 624 705 
tkc 625 850 
td31 625 921 
t831 628 697 
t152 629 768 
t432 629 817 
tn5 632 738 
tdh1 633 958 
tp61 638 912 
tp52 643 654 
tc22 651 984 
tcc2 653 869 
t421 658 977 
t4n 665 987 
tg61 665 690 
th2 665 889 
t3v 671 896 
tmp1 673 809 
tfm 675 842 
tt41 685 794 
tp4 690 798 
t1r1 691 887 
t2q1 692 806 
t9f1 692 797 
tsm1 693 922 
tc62 696 952 
tb 696 725 
tdk1 697 877 
tdb 701 740 
tw91 703 900 
tff1 704 904 
t8w1 706 782 
td01 709 880 
tzs1 711 986 
t662 714 939 
twk 714 936 
thx 718 972 
tt3 725 854 
t8z1 729 772 
tk1 736 881 
tfp 739 907 
t0r 740 830 
tdd 745 814 
tnc 751 862 
tsr 760 779 
t4h 778 819 
t7f1 788 856 
tpr 792 831 
tgx1 797 969 
thk 800 996 
tf3 805 931 
tpk1 821 966 
t5l1 823 844 
t4f1 836 972 
tng 848 933 
t372 849 994 
t3d 865 938 
t46 871 903 
tj5 873 987 
twx1 874 917 
t26 877 903 
tfh 881 966 
tcm1 886 972 
tpl 917 998 
t1b 950 994 
t201 2 
t652 2 
tb6 2 
tg02 3 
t51 5 
tj62 6 
t502 6 
tlf 8 
tcd 8 
tqg 9 
tb82 10 
ts1 10 
tkc2 11 
tnf1 13 
t5k1 13 
tzg1 15 
t2w1 15 
td8 16 
tc01 19 
t7z1 19 
txr 20 
tvw 20 
t5x 20 
tj21 20 
t16 21 
t4j1 21 
t742 21 
t0v1 21 
tnh1 22 
tv71 22 
tg22 23 
tnn 25 
tg82 26 
tg92 26 
tmr 26 
t3m1 26 
tz3 30 
t08 30 
tcc1 32 
tq4 32 
t96 33 
tvt 33 
tc31 33 
td3 35 
tvv 35 
trq 36 
tf32 38 
t4w1 39 
tdq 39 
t401 39 
tsf 40 
th3 44 
tbn 49 
t4b2 50 
tr11 50 
tv41 52 
tm72 57 
t6x1 58 
tc1 59 
tvc 59 
tl82 60 
t5f 62 
t0s1 63 
t2l1 66 
tn02 67 
trm1 68 
tkh 68 
tkk1 70 
thn1 71 
t6q 72 
tc4 72 
t71 72 
t2z 78 
t8c 79 
tj6 79 
tzz1 81 
tr12 82 
tmn1 83 
t44 85 
txv 85 
t3j 86 
tdw1 86 
trj1 88 
t932 88 
tv11 89 
td52 89 
tff 93 
tmq 93 
tl52 94 
t7r 94 
tzr1 94 
t45 96 
t0n 96 
trb 98 
tn2 99 
tfn 99 
txp1 100 
twg 101 
tr91 102 
tzs 103 
tvt1 103 
tmc1 103 
tt91 104 
tnd 105 
th22 106 
t56 106 
tjg1 108 
t922 108 
t2s 109 
twb 109 
tqm1 110 
txz1 111 
txf 112 
tld 113 
tq6 114 
t2h1 114 
tbk 114 
tr3 121 
tf1 122 
tjk1 124 
tpf1 124 
tc52 125 
tnm1 126 
tc92 127 
t89 130 
ts71 130 
twq1 130 
tfm1 132 
tw02 132 
tpl1 133 
tn62 133 
t8q1 134 
tk41 134 
tgs1 135 
tv51 135 
t7t 138 
tzf1 139 
tq41 139 
t9v 141 
trk1 142 
tnt1 142 
t5d1 144 
t0b2 144 
t061 144 
tt5 145 
ttj1 148 
t6l1 149 
tjw 149 
tz11 150 
t9 150 
t872 150 
trl 153 
tzz 154 
t5b2 156 
trs 158 
tm6 160 
txl 161 
tmc2 162 
tq1 162 
tkm 162 
t2h 163 
txb2 163 
tj22 164 
tm61 165 
td72 166 
t052 166 
tt2 167 
tv82 168 
t842 173 
tcm 173 
t142 175 
tjx 179 
t4z 183 
t7c 183 
t7x1 183 
trn1 184 
tt81 186 
trd 187 
ts9 188 
tdw 188 
tct1 190 
t18 190 
t02 192 
t98 192 
tb72 193 
t092 195 
txn 196 
tjf 196 
t72 197 
tr52 199 
tht 200 
ts81 201 
tcp 201 
tgp 203 
t9h1 206 
tdx1 208 
trc 208 
twl1 211 
tkd1 211 
tf31 212 
tjk 213 
tzv1 216 
t8n1 223 
t9l 223 
th21 228 
tc7 229 
t671 233 
t581 234 
tx9 234 
trb2 236 
tsh 236 
tj31 241 
tw01 242 
t632 243 
txs1 244 
twq 245 
tfh1 245 
tw5 245 
tw2 245 
t15 245 
t7c1 246 
t331 247 
tw71 249 
ttv 249 
ttk 250 
tqf1 250 
t5d 250 
t611 252 
tl62 254 
t362 256 
t05 256 
thj 256 
ttm1 256 
tlq 257 
t231 258 
t6p 259 
tfq 259 
t702 259 
tj2 260 
tnp 264 
ttn1 265 
tgq 265 
tps 266 
t7b 270 
tcd1 270 
tr7 274 
tn9 275 
t3f1 277 
thq1 277 
td11 280 
t552 283 
tws 287 
twm1 287 
tcg 289 
t0q 290 
tp1 292 
tkn1 292 
tf51 293 
twr1 294 
tdh 294 
tpf 294 
tnz 294 
t7z 296 
tw41 296 
tsg1 297 
tnw1 297 
tdf 297 
twh1 299 
txl1 301 
tx02 301 
td1 302 
tw7 303 
th9 305 
tzc1 306 
tw92 308 
t2l 311 
tr31 311 
tn42 314 
tx62 314 
tk5 317 
tx42 318 
t1g1 318 
tmk 318 
t1z 318 
t741 318 
t6c1 319 
tbx 319 
tn01 320 
tgz1 321 
tx21 322 
tx32 322 
tns1 323 
tqr 325 
trf1 328 
tks 330 
tjv1 330 
t1b1 330 
tmb2 331 
t642 335 
tqn1 337 
tsj 338 
t9b1 338 
t61 339 
tn52 341 
thm 341 
t9l1 341 
t182 342 
tr4 343 
t77 344 
t7t1 344 
tm92 344 
tpb1 345 
tc91 345 
thg 345 
tl91 346 
tth1 346 
t3z 348 
th4 349 
tk81 349 
t9v1 350 
t01 350 
tk21 351 
tqw 353 
tkr 356 
tv12 358 
tk2 360 
tl22 361 
th12 361 
tmb1 362 
tp92 362 
tf92 362 
t451 362 
tvf1 364 
tpv1 366 
tx5 367 
t4s 368 
txn1 370 
tgl1 370 
tv31 372 
t3k1 372 
tbr1 373 
tm8 374 
tn72 375 
t9b 376 
tbt1 377 
t111 380 
tgv 381 
tvk1 382 
tsl1 382 
tj51 387 
t962 388 
t5w 388 
t1s1 389 
th 390 
tmh1 391 
tql 392 
tch 392 
t99 394 
tfs 394 
tfw1 395 
t2j1 397 
tn21 397 
tdt 398 
tv42 401 
tgm1 402 
tq71 403 
tnc1 404 
txk 404 
tlt1 405 
tv01 406 
thw 406 
tm12 407 
tz71 408 
tph1 409 
tcx1 410 
tm21 411 
tgs 412 
tjc1 416 
t2p1 418 
t3s 419 
txc1 422 
tr72 422 
tw72 422 
tqj 424 
t442 426 
tpm 426 
tp01 426 
twf1 426 
tbq 429 
t1p 429 
twh 430 
tp02 431 
tr71 434 
tl92 434 
t0q1 435 
tk02 436 
t8r1 440 
t87 442 
tqn 442 
tw9 443 
tg01 443 
tm82 444 
tnk1 447 
tmf1 447 
tvh1 447 
t6b1 448 
t0x1 450 
tpj 452 
tz2 452 
tsd 453 
tq72 455 
t8v1 456 
t821 457 
tk72 457 
t1t1 458 
tvg1 458 
t23 458 
tv2 458 
t7m1 459 
t5m 460 
ttw 460 
tg91 460 
tjp1 461 
tbb 461 
tl1 462 
tzl1 464 
tjl1 465 
tcr 467 
tk62 468 
tj01 470 
trw1 471 
t3l1 471 
tl02 471 
t1t 471 
tp 475 
tl7 475 
tfl 476 
tfr 482 
tvn 482 
t2f1 485 
tq82 485 
tdb1 486 
tlp 489 
thz1 490 
tn32 491 
thb2 494 
tf8 499 
t5d2 499 
tz32 499 
tmb 500 
tc71 501 
t282 504 
t761 505 
t2d1 507 
tcs 510 
tj81 511 
tbr 512 
t3z1 515 
tw82 516 
t06 516 
t5t 520 
t522 520 
tg31 521 
t841 522 
tzt 523 
t811 523 
t5n1 524 
tzd 525 
t7l 527 
tlc 527 
tn1 528 
tt1 530 
t6s1 530 
tjn 532 
tfz 532 
t8d 533 
thd1 534 
t121 535 
t4j 536 
tp71 537 
t9m1 537 
tpw1 538 
t3s1 540 
tln 540 
trf 541 
t6j 541 
tx22 542 
t5z 544 
tkv 544 
tcs1 548 
tgw 548 
t1c2 549 
tq 549 
t0h 550 
tnj1 551 
t301 552 
t52 553 
t8z 553 
t5z1 554 
tng1 554 
t5t1 554 
tb71 554 
t0t 555 
tkp1 559 
tj71 560 
tkd 560 
tcr1 561 
tmm 561 
t262 561 
tbp 561 
t9m 562 
tml1 562 
tjs 563 
tzc 563 
tz51 565 
tpd1 565 
t9r 566 
t6p1 567 
tg1 569 
tcf1 570 
tkk 570 
tzh1 570 
t3t1 571 
t341 576 
tr62 577 
td61 577 
tdt1 577 
tb61 580 
tfn1 581 
trv1 581 
t411 583 
t5c1 584 
tvr1 587 
t2b2 587 
t731 588 
trb1 589 
t94 590 
t0d 592 
tqd1 593 
tk4 593 
t081 595 
thp 597 
tb31 597 
tz52 600 
txg1 601 
t7m 602 
tkw1 605 
t8b2 606 
tb3 606 
tg4 607 
t0w 608 
t1m 608 
tlt 611 
tg81 612 
tzp 613 
tg8 613 
t1f 613 
tgt 615 
t04 615 
twt 616 
tw12 616 
tj02 623 
tc 623 
t4k1 623 
tqc1 623 
tkl1 623 
t6v 625 
t32 627 
tt02 627 
t8s 629 
t772 633 
t22 634 
tk32 634 
tml 635 
tlx1 638 
tpk 638 
tjm 640 
t3 640 
twc1 640 
tkq1 641 
tkt 642 
tsn1 643 
tsc1 644 
t57 645 
tf72 645 
t551 646 
tr8 650 
t521 650 
tg41 651 
tw3 651 
tcz 652 
tl32 653 
tkb 654 
tdl 654 
t1d 654 
t122 655 
td6 656 
tq61 656 
tzw1 656 
txq1 657 
tj72 657 
t5h 661 
twr 663 
txt1 665 
tp11 665 
tm01 666 
t752 669 
t7s 669 
t79 670 
tc32 672 
tts 674 
tl12 674 
tjg 674 
tn11 674 
t1h1 675 
tk12 675 
tbl 676 
tpm1 677 
tb81 677 
tp42 677 
t8r 679 
t5n 679 
tl5 680 
ts52 681 
trr1 682 
tch1 683 
ts41 686 
t53 686 
tmk1 686 
ttq 687 
t3h1 687 
tc9 688 
t3r 689 
t3d2 690 
t0v 693 
tjh1 693 
tzv 694 
tbf 699 
t36 700 
t9z 701 
tjv 701 
ts32 701 
tll 704 
t7f 706 
twk1 706 
t281 707 
ts72 708 
tf82 709 
tcp1 710 
tfv1 710 
th92 712 
tmv1 714 
thx1 715 
tdx 717 
tbc 718 
tq2 718 
tbg 720 
tz 720 
t8s1 720 
t4p 721 
tgv1 724 
t0z1 724 
tg21 725 
tj42 726 
tvw1 727 
t2c2 729 
tk3 731 
tvq 732 
tm71 732 
txr1 732 
twm 735 
tkw 735 
tlk1 736 
tzj1 739 
thb 740 
tvs 740 
tlx 742 
tqm 744 
tz92 745 
t85 746 
tm22 746 
t172 748 
t8v 748 
tk8 749 
t472 750 
t2t1 751 
t781 755 
tbj1 755 
th32 757 
tkz 759 
tnb1 760 
t712 760 
tg5 761 
tgm 763 
tsc 768 
thm1 768 
tc12 769 
tk42 770 
t9b2 771 
tx31 771 
t461 771 
tj52 772 
tsn 773 
t4c 773 
tgd1 774 
tj61 775 
tb2 775 
txd 776 
tgh 776 
t27 777 
t7 780 
t681 780 
tlq1 781 
tlc2 781 
txc2 782 
tz7 787 
t0f 790 
ttq1 793 
th51 794 
t3f 795 
tv3 796 
t97 796 
tdm 796 
tj32 797 
tl11 798 
t9f 800 
tbk1 800 
t7n 805 
t722 808 
t732 809 
twd 809 
t8m1 810 
tnk 811 
t9k1 811 
tzd1 811 
txt 813 
t4v 814 
txs 816 
t03 816 
tsz1 822 
tg9 822 
tmw1 825 
t4b 825 
tck1 832 
tgc1 833 
tfs1 833 
tvg 834 
txw1 835 
t8p1 837 
t972 840 
tvm 840 
tv62 840 
tqs1 841 
thl 841 
t101 842 
tn8 842 
t7w1 843 
tps1 843 
tb42 845 
t8g 846 
tf5 847 
tjz1 853 
t1k 854 
tf62 854 
tfg 856 
tgf 856 
ts82 857 
tdv1 860 
tth 861 
tnb 864 
t9g 865 
t67 867 
tx8 870 
tw1 871 
tlp1 872 
t3n1 873 
tw42 875 
t37 876 
tk01 876 
txj 877 
t4m 878 
ts11 879 
tg51 879 
tbl1 883 
tdj1 883 
tlv 885 
tc02 885 
t941 887 
tmq1 890 
tt7 890 
th72 891 
trc2 891 
t132 891 
tv6 893 
tjc2 894 
ts8 895 
t7k 900 
tvx 900 
tw61 900 
t6s 901 
tjd1 901 
t2x 902 
t4d 902 
t7h1 904 
tr01 905 
t251 905 
t6b 905 
t8k1 906 
tbz 907 
t352 909 
twn 910 
tj11 911 
txv1 913 
tv72 914 
tgf1 914 
tr6 915 
t3c2 919 
tpv 920 
tp22 923 
tb52 923 
tcb1 924 
t2k1 926 
t1f1 926 
tw4 928 
tln1 929 
t1x1 929 
t6t1 929 
tfp1 932 
tkz1 933 
td12 934 
t8j1 935 
tww1 936 
tk11 937 
tdf1 939 
tx81 940 
tjd 942 
t95 942 
t2j 946 
tp51 949 
t022 949 
t631 950 
t1c1 951 
tzk 952 
tlj1 953 
tm31 954 
tcg1 954 
tpg 956 
ts 958 
t6w1 959 
tl41 960 
tw31 962 
tt62 962 
t62 962 
ttv1 962 
t9r1 963 
tgh1 964 
txb1 968 
tj92 970 
tv5 972 
ttr1 974 
tf4 978 
tf 980 
tp81 983 
tq9 986 
twl 987 
t5x1 990 
td5 991 
t571 993 
t1d2 994 
twx 995 
t24 998 
