750
0 199
118 355
61 410
2 428
1
4
7
166
3
26 695
15 765
38
89
24
12 927
99 977
30 996
29
86 44
16
34
20 104
255
25
148
31 131
13
14
43
51 215
10 224
27 337
32 424
6 458
22
49 542
47 566
123 769
40 828
8 858
19
48
18 873
145
91 993
87
62
213
55 108
88 368
260
67 386
137 612
41
222
23
116 934
37 947
98
177
106
50
76 949
150 988
227 188
90
63
113
84 529
101 534
707
243 544
768
140
514
117 572
143 615
160 759
339 841
92
153 866
65 929
11
69 71
9
102 119
221 327
81
272
301
126 471
60
75
17
560
216
286
85 711
142
125
159
576
314
127
403 861
93 114
73
110
168 171
338 422
72 721
111
46 801
182 872
82 960
95 128
146 288
452 395
741
157 474
59 490
138 673
94 36
869
103
28
217
189
56
136
192
112
54 147
178
74
96 263
299
849
5
70
184
100
163 744
231 814
244 909
77
115 365
298
45
64 402
187
242 589
122
367
80 628
83
241
208
169 660
66 816
280 835
121
450
132
651 553
185 625
211
247
246 270
172 271
21
33
361
161 469
228
35
499
165 481
240
151 590
162 619
57 789
252 982
97 465
133 511
265
109
352
313
129 603
52 753
141
120
156 995
174
792
388 324
139
315
406
202
201
149
209
408 401
183 409
170
300
205
193
440
446
834 517
510 620
200 681
155 716
320
251
969
180 800
460
197
259 833
175 837
229
447 853
525 105
195 248
191 470
179
500
526
78
233
262 495
650
130 503
456
39
236 513
238 698
283
284
254
497
239
275
134 940
562 537
579 634
194
273 808
53 956
518 965
308
564 173
245
206 198
347
261
218 434
277
616
647
646
334
512 700
679
802
821
287
997
343 794
144 941
550
124 350
203
371 398
204 414
68 466
269 482
385 571
359 980
296
533
565
219
310 825
570
230
614
336 894
181
381
704
154
328
196
353 152
394 304
421
250 444
210
225
281
383 498
372 524
399 624
417 735
496 838
439
249 318
333
889
370
921
307 527
998
344 666
223 884
437 973
811
896
972
455 295
392 543
393
430
190 622
530
926
309
107
256 795
268
291 840
563 633
292
478 600
279
364
473
486
274
435
658
167
584
532
135
677
819
457
266 664
454 726
360
475 306
467
356
321 675
316
79 705
663
289 797
58 885
382 915
610
451
723
311
598 961
754
743
877
438 484
852
924
331 573
708
966
516
176
480
502
384 781
379
207 985
557
369
588
278
431
349
264 464
164
489
348
491
342
427 595
880
436
536
158 710
617 720
253 903
366 918
521 297
951
667
554
682
404
487 407
803
453
568 635
581 818
42
479
528 984
416
332
387
396
630 868
305
443 237
504
462
621
235
831
330 618
509
325
520
463
767
531
415 817
429
391
329
799
294
539
850
413 910
823
515
569
959
730
234 911
656
423
970
232
644
986
867
771
302
267
341 373
736
613
680
779
878
555
734
963
411
433
483
561
378
346
468
652
626
629
780
820
293
860
955
596
548 670
655
671
477
645
354
285 760
575
226 846
583 699
776
376 737
964
345 813
728
942
648
501 824
694
925
649
715 883
761
567
594
727
380
830
859
842
559
950
186
638
718
724
725
445 763
887
636 793
604
591
713
580 847
870
962
485
746
405 871
886
893
326
312
939
461 637
506
212
756
400
971
706
340
987
541
397
551
770 668
774 967
732
742
669
508
717 290
282
556
377
597
672
303
775
809
357
848
492 912
375 991
214 578
935
363 585
257 832
659 876
276
319
335 631
938
425
640
432 892
420
351
459 946
895
606
665 686
712
676 920
362
790
472
519
738
577 684
844
905
975
899
978
442
522 599
538
674 587
719
807
488
839
605
662 547
702
888
788 701
703 751
623
739
836
323
855
923
944
994
936
493
632 586
687
851
609 881
601 856
786
777
812
890
983
862 937
957 494
627
661 857
688
755
907
764
826
390 806
722
374
419 897
922
678
913
930 952
749 798
546
766
643 898
785
901 882
358
545 582
552 891
507
772
322 714
784
796 932
908
787
953 762
657 974
602
220
778
505
829
412
389
827
864
865
654
992
773 696
729
900
608 979
863
917
558 981
441
822
843
690
948
845
549
874
448
916 945
733
810 758
906
740 697
535 685
476 731
449 653
641
933
989
931
745
804
904 999
540
757
875
815
574
747
418 805
592
611
954
692
258
990 928
943 919
854
639
958 902
879 750
914
791
691
317
693
689 683
709 968
976
607 426
523 752
593
782 783
642
748
